id,title
0,"McDonnell, Shannon"
1,"Hubbard, Jocelyn"
2,"Schmiede, Frances"
3,"Delices, Marlene"
4,"Balcezak, Lucy"
5,"McLoughlin, Luci"
6,"Brittan, Grace"
7,"Vickers, Stephanie"
8,"Fox, Erin"
9,"Flores, Jennifer"
10,"Gamboli, Jackie"
11,"Gray, Cynthia"
12,"Kelly, Zoe"
13,"Weeks, Molly"
14,"Petrie, Katy"
15,"Stewart, Kirsten"
16,"Coughlin, Christine"
17,"Freeman, Mikela"
18,"Ifill- Jones, Jamila"
19,"Donnelly, Christine"
20,"Therrien, Michael"
21,"Zielinski, Valerie"
22,"Gittens, Alex"
23,"Wojtech, Zoe"
24,"Woods, Kathleen"
25,"Donnelly, Christine"
26,"Rice, Haley"
27,"Lappas, Olivia"
28,"Tangney, Olivia"
29,"Johnson, Emma"
30,"LaGuardia, Alyssa"
31,"Armstrong, Courtney"
32,"Schwarz, Kim"
33,"Wood, Julia"
34,"Ferreri, Catherine"
35,"Cassidy, Tara-Rose"
36,"Conte, Caroline"
37,"Latourette, Arielle"
38,"Moul, Samantha"
39,"Price, Georgette"
40,"Lamothe, Lauren"
41,"Traina, Lauren"
42,"Makin, Samantha"
43,"Gavin, Julie"
44,"Rayla, Kelsey"
45,"Dorrough, Jessica"
46,"Sexton, Kerri"
47,"Waligurski, Emily"
48,"Carey, Bridget"
