id,title
0,"Medrad, Inc."
1,The Kendall Company
2,The Kendall Company
3,Ivac Corporation
4,Medical Institute Of Hoshokai
5,Ivac Corporation
6,Pye (Electronic Products) Limited
7,Societe D'etudes Et D'applications Technologiques-Serat
8,Choy Daniel S J
9,Andreas Joseph M
10,"Biotek, Inc."
11,"Avi, Inc."
12,"Avi, Inc."
13,"Avi, Inc."
14,Contraves Ag
15,Reynaldo Calderon
16,Reynaldo Calderon
17,"Block Medical, Inc."
18,Bull Brian S
19,Alexander G. B. O'Neil
20,Deknatel Technology Corporation
21,Patient Solutions Inc.
22,"Mallinckrodt Medical, Inc."
23,D'antonio; Nicholas F.
24,Davis; David L.
25,"Patient Solutions, Inc."
26,Bull; Brian S.
27,"Alaris Medical Systems, Inc."
28,Liebel Flarsheim Company
29,Liebel Flarsheim Company
30,D'antonio Consultants International Inc.
31,"Alaris Medical Systems, Inc."
32,"Alaris Medical Systems, Inc."
33,Liebel Flarsheim Company
34,Genzyme Corporation
35,Liebel Flarsheim Company
36,I-Flow Corp.
37,"Medrad, Inc."
38,"Acist Medical Systems, Inc."
39,"Medrad, Inc."
40,"Medrad, Inc."
41,"Medrad, Inc."
42,I-Flow Corporation
43,"Medrad, Inc."
44,"Medrad, Inc."
45,"Medrad, Inc."
46,"Boston Scientific Scimed, Inc."
47,"Medrad, Inc."
48,"Medrad, Inc."
49,"Medrad, Inc."
50,"Acist Medical Systems, Inc."
51,"Medrad, Inc."
52,"Acist Medical Systems, Inc."
53,"Medrad, Inc."
54,"Medrad, Inc."
55,"Medrad, Inc."
56,"Medrad, Inc."
57,"Medrad, Inc."
58,"Medrad, Inc."
59,Bayer Medical Care Inc.
60,Bayer Medical Care Inc.
61,Doug Zatezalo
62,Doug Duchon
63,Zatezalo Douglas M.
64,"Medrad, Inc."
65,"Medrad, Inc."
66,Davis David Lyle
67,Ulrich Pfeiffer
68,"Medrad, Inc."
69,"Medrad, Inc."
70,Contraves Ag
71,"ACIST Medical Systems, Inc."
72,F Cozzupoli
73,Reynaldo Calderon
74,Reynaldo Calderon
75,Krause Werner
76,Medex
